/data/coco2014/val2014/COCO_val2014_000000158122.jpg 67 [18.9,34.04,260.71,528.04] 67 [303.41,14.22,327.11,614.72]
/data/coco2014/val2014/COCO_val2014_000000072582.jpg 67 [142.14,415.07,97.19,64.93] 60 [81.08,345.41,315.68,128.64] 60 [111.1,276.21,528.9,189.84] 60 [407.44,163.92,36.97,86.66] 41 [312.33,370.56,53.57,92.03] 41 [245.13,344.94,61.25,92.78] 41 [316.31,332.58,43.25,39.3] 41 [376.37,304.64,41.34,29.81] 41 [604.68,285.91,35.32,63.95] 41 [422.83,297.53,32.02,26.33] 0 [270.74,64.72,147.78,240.54] 27 [179.07,272.62,5.84,20.13] 27 [525.93,168.76,27.07,48.65] 41 [405.38,162.92,17.57,21.26] 41 [426.53,157.01,22.6,36.27] 56 [232.41,220.84,45.41,92.59] 56 [0.0,265.39,12.79,69.35] 0 [0.0,54.86,248.1,388.98] 0 [430.39,25.88,209.49,270.34] 0 [257.3,71.03,58.14,93.99] 0 [213.19,63.58,66.08,157.1] 0 [382.79,66.02,54.85,99.02] 0 [583.43,64.03,56.57,106.47] 0 [447.66,75.63,71.79,67.82] 0 [194.15,65.72,30.4,20.13]
/data/coco2014/val2014/COCO_val2014_000000206618.jpg 46 [286.2,394.43,193.8,110.74] 46 [353.74,324.49,118.59,80.43] 46 [326.56,311.38,87.86,88.63] 46 [310.46,215.73,123.65,140.46] 46 [173.96,278.94,111.17,101.96] 46 [263.98,111.97,69.5,194.45] 46 [162.47,93.85,107.2,210.7] 46 [101.09,115.72,148.97,183.13] 46 [25.08,163.81,172.88,202.57] 46 [69.04,361.55,147.81,106.53]
/data/coco2014/val2014/COCO_val2014_000000280619.jpg 61 [102.25,245.72,196.63,254.28]
/data/coco2014/val2014/COCO_val2014_000000031749.jpg 74 [91.64,257.56,181.16,206.84]
/data/coco2014/val2014/COCO_val2014_000000517388.jpg 0 [246.37,115.7,322.69,219.31] 28 [202.34,287.38,378.59,140.62] 24 [0.76,279.16,275.09,146.64] 28 [513.61,262.4,126.39,165.6]
/data/coco2014/val2014/COCO_val2014_000000516173.jpg 0 [58.97,156.52,168.27,428.59] 0 [167.33,51.31,26.01,30.97] 37 [170.33,283.54,67.85,162.48]
/data/coco2014/val2014/COCO_val2014_000000207937.jpg 67 [276.23,162.72,4.51,6.54] 0 [0.96,190.19,105.07,236.81] 0 [249.22,152.27,36.7,101.95] 26 [247.46,183.0,19.71,30.63] 25 [0.02,7.43,254.18,213.63]
/data/coco2014/val2014/COCO_val2014_000000275120.jpg 39 [1.93,0.97,167.17,200.99] 55 [216.45,33.82,363.33,358.49]
/data/coco2014/val2014/COCO_val2014_000000307510.jpg 0 [100.67,102.11,199.91,500.5] 0 [181.61,168.81,33.96,200.46] 0 [285.61,167.03,28.1,196.67] 38 [119.64,65.59,122.52,123.96] 0 [343.07,146.83,70.21,238.17]
/data/coco2014/val2014/COCO_val2014_000000195648.jpg 13 [292.08,537.68,137.29,87.99]
/data/coco2014/val2014/COCO_val2014_000000045976.jpg 0 [93.91,0.0,329.39,633.86] 71 [54.65,461.66,194.16,178.34]
/data/coco2014/val2014/COCO_val2014_000000539784.jpg 18 [461.75,289.06,75.89,77.72] 18 [420.23,272.31,84.01,70.52] 18 [295.77,299.03,41.1,51.98] 7 [18.68,190.84,104.31,77.17] 7 [219.14,183.51,45.05,42.87] 9 [253.43,150.98,4.85,10.15] 9 [310.47,182.0,5.39,7.92] 18 [428.66,245.07,74.17,38.05] 18 [468.25,227.16,20.37,25.45] 18 [366.48,251.74,30.93,25.36] 18 [326.3,276.24,48.41,31.53] 18 [251.01,289.76,43.6,32.2] 18 [608.21,228.53,24.23,35.65] 18 [285.08,257.49,23.33,24.56] 18 [303.81,260.24,35.43,14.24] 18 [108.83,319.73,32.1,25.72] 9 [214.98,183.14,3.36,6.09] 18 [362.41,213.79,13.83,12.63] 19 [461.38,277.27,76.53,90.95] 19 [417.37,272.71,86.41,70.0] 18 [34,177,563,207]
/data/coco2014/val2014/COCO_val2014_000000507551.jpg 32 [344.07,126.27,18.22,16.46] 0 [293.13,143.34,205.87,351.32] 0 [229.54,94.9,67.78,113.65] 34 [294.95,135.99,206.41,119.85] 0 [0.0,130.51,114.0,134.62] 35 [279.15,147.76,18.1,16.91] 0 [181.77,67.38,8.94,22.37] 0 [160.56,81.04,4.17,8.75]
/data/coco2014/val2014/COCO_val2014_000000470773.jpg 0 [122.97,0.07,162.87,217.89] 44 [140.25,307.44,53.86,42.07] 44 [252.45,294.7,40.34,53.79] 44 [197.57,308.05,44.19,38.63] 43 [203.24,373.54,74.97,53.45] 44 [343.85,310.95,39.0,42.22] 45 [283.86,321.45,50.46,46.02] 45 [231.76,321.22,55.4,43.2] 45 [335.21,323.73,47.74,43.24] 45 [334.16,354.44,57.9,68.78] 45 [223.43,344.85,65.47,72.99] 45 [102.51,353.31,77.73,62.07] 45 [178.08,317.3,62.53,47.64] 58 [255.5,2.0,125.5,178.5] 43 [80.19,383.01,76.95,35.94] 43 [5.41,380.01,84.59,38.4] 43 [139.62,380.77,70.32,44.3] 43 [303.89,357.94,74.9,41.28] 43 [367.15,168.06,40.46,26.07] 44 [340.82,394.07,22.66,33.7] 44 [294.98,304.32,41.12,44.08] 44 [138.5,377.78,73.06,48.71] 45 [126.1,318.87,56.52,45.68] 45 [277.87,354.46,61.93,67.87] 54 [481.35,283.79,32.52,28.17] 54 [506.86,318.39,35.99,32.92] 54 [443.07,189.51,30.59,25.91] 54 [476.24,313.66,31.97,27.14] 54 [513.01,292.2,33.04,27.6] 54 [487.64,119.06,16.22,16.22] 41 [89.77,160.83,72.31,92.26] 45 [32,331,105,83]
/data/coco2014/val2014/COCO_val2014_000000170072.jpg 2 [172.73,194.47,132.36,49.06] 9 [536.01,32.52,51.07,69.48] 0 [448.43,202.19,31.38,87.27] 24 [459.85,214.45,4.06,11.93] 2 [523.81,204.03,116.01,78.7] 2 [372.31,197.03,150.66,60.0] 2 [448.22,212.4,132.97,65.69] 2 [3.88,209.36,88.23,51.72]
/data/coco2014/val2014/COCO_val2014_000000573363.jpg 27 [295.65,195.69,32.02,104.51] 0 [230.69,112.99,116.75,301.3] 0 [401.29,137.56,21.96,79.83] 0 [480.58,170.8,30.86,35.58] 0 [467.55,177.12,14.0,28.26] 0 [50.82,138.63,20.02,56.86] 0 [159.64,137.61,34.52,78.82] 0 [106.18,150.06,10.47,36.7] 0 [79.73,143.16,21.68,63.15] 0 [95.51,147.41,12.46,40.26] 0 [176.02,139.98,18.33,71.63] 0 [240.35,139.12,15.61,30.75] 26 [67.55,147.9,7.87,24.59] 26 [271.75,149.67,4.96,16.84] 26 [76.33,177.78,11.14,21.03] 0 [383.5,149.42,20.25,71.82] 0 [230.99,146.61,19.89,61.25] 0 [151,135,224,66]
/data/coco2014/val2014/COCO_val2014_000000015614.jpg 23 [270.2,143.24,204.29,203.93] 23 [238.53,164.31,184.66,204.86]
/data/coco2014/val2014/COCO_val2014_000000341389.jpg 0 [251.67,316.76,17.77,32.7] 0 [30.75,317.36,17.22,30.54] 0 [413.69,314.94,5.69,13.13] 0 [394.54,318.34,4.64,11.03] 0 [406.84,312.8,5.28,14.28] 0 [164.18,311.94,3.98,8.89] 0 [123.55,312.91,7.56,14.1] 0 [106.28,308.31,5.07,10.23] 0 [157.44,316.55,5.35,5.51] 0 [604.61,280.12,14.1,21.86] 31 [38.43,346.24,10.02,1.42] 0 [233.76,313.28,5.51,13.85] 0 [307.78,316.52,4.58,11.73] 0 [399.81,318.6,5.14,8.82]
/data/coco2014/val2014/COCO_val2014_000000222283.jpg 32 [207.61,515.29,87.33,90.2] 0 [5.77,36.04,224.86,549.19] 0 [117.93,110.74,333.67,451.6]
/data/coco2014/val2014/COCO_val2014_000000057091.jpg 67 [199.21,337.68,71.09,73.3] 24 [5.76,41.26,257.16,309.94] 28 [207.26,0.8,432.74,415.48] 59 [194.79,0.8,445.21,110.35]
/data/coco2014/val2014/COCO_val2014_000000142472.jpg 2 [203.35,372.65,131.1,62.96] 2 [350.82,373.17,39.8,40.31] 2 [462.75,365.16,60.35,35.35] 2 [412.58,369.69,57.36,39.39] 5 [576.08,326.52,63.19,65.35] 0 [379.04,356.7,26.89,61.12] 0 [392.3,363.1,33.71,62.16] 0 [534.3,371.37,5.78,17.86] 0 [526.15,362.65,6.81,25.03] 0 [539.99,365.92,8.74,23.96] 0 [278.76,338.28,23.69,30.39] 7 [463.66,364.74,60.15,36.16]
/data/coco2014/val2014/COCO_val2014_000000208377.jpg 37 [184.89,342.04,59.88,60.26] 0 [179.64,295.98,55.75,118.86]
/data/coco2014/val2014/COCO_val2014_000000457217.jpg 0 [82.35,141.91,150.27,265.99] 13 [216.6,176.12,88.46,18.86] 20 [110.27,170.27,523.24,303.78] 45 [52.26,223.75,37.42,19.26] 26 [117.49,183.28,26.8,94.61] 25 [302.94,139.05,29.95,36.6] 25 [259.45,140.35,31.31,13.09] 60 [215.62,179.27,86.92,11.34] 0 [445.29,153.99,14.23,16.26]
/data/coco2014/val2014/COCO_val2014_000000344844.jpg 13 [205.2,220.41,318.57,241.08] 13 [351.94,297.69,288.06,198.6] 13 [2.86,319.42,234.81,168.95] 7 [509.45,232.11,130.55,152.91]
/data/coco2014/val2014/COCO_val2014_000000491008.jpg 56 [65.22,333.48,88.68,29.56] 56 [537.39,339.05,102.61,87.95] 56 [456.58,336.15,92.51,86.65] 60 [2.89,352.47,214.46,70.2] 60 [446.19,301.3,176.56,65.25] 0 [215.9,173.68,125.7,251.4] 0 [353.11,147.05,121.87,279.95] 53 [289.78,288.82,104.6,51.82] 60 [0.0,308.53,133.11,22.27] 8 [439.55,146.79,100.66,111.42] 27 [252.85,237.38,36.33,20.47] 43 [106.27,357.54,16.32,14.0] 43 [119.96,376.47,12.95,21.49] 56 [80.65,310.33,66.84,32.54] 56 [0.0,319.2,32.22,48.12] 56 [0.19,299.69,41.92,15.57] 56 [91.35,384.05,127.56,42.95] 56 [160.86,263.95,14.08,60.31] 56 [460.02,306.12,24.47,18.14] 56 [194.97,271.51,17.2,61.15] 56 [170.06,264.47,28.0,64.2] 58 [34.86,188.46,48.4,58.32] 60 [168.75,268.42,42.15,16.64] 56 [303.89,347.15,49.91,47.69] 56 [59.61,298.91,56.35,14.44] 56 [0,257,202,169]
/data/coco2014/val2014/COCO_val2014_000000050752.jpg 2 [438.4,267.61,22.91,19.09] 2 [468.22,270.81,12.68,11.06] 2 [461.03,264.66,23.52,14.24] 5 [160.29,90.51,270.63,286.64] 0 [328.12,259.64,67.8,194.82] 0 [511.09,266.84,18.21,40.86] 0 [531.22,266.35,13.13,31.84] 0 [529.02,266.55,4.1,9.94] 0 [545.98,261.43,18.18,42.91] 26 [356.6,318.38,41.72,54.09] 26 [524.45,286.61,4.73,9.18] 26 [541.8,266.02,9.7,17.85] 0 [200.34,151.77,27.27,23.41] 0 [479.33,266.94,7.47,26.08] 0 [541.33,264.71,7.45,12.16] 0 [530.57,263.66,5.61,27.55] 26 [524.19,291.61,8.05,12.4]
/data/coco2014/val2014/COCO_val2014_000000024021.jpg 0 [286.05,236.68,60.13,87.89] 0 [328.11,233.44,61.91,99.16] 0 [619.77,61.82,20.23,53.4] 0 [455.05,237.27,65.93,101.18] 0 [403.76,237.67,64.24,99.11] 0 [542.49,212.11,23.78,33.8] 0 [581.86,161.88,56.8,82.81] 0 [518.69,51.03,32.81,59.89] 0 [366.1,131.16,35.49,69.22] 0 [327.97,132.98,61.83,70.74] 0 [255.09,161.87,42.21,67.08] 0 [170.23,130.31,50.19,89.04] 27 [179.02,252.47,6.98,20.76] 27 [229.82,250.73,7.72,16.71] 27 [234.57,198.42,7.57,19.17] 27 [351.14,268.77,8.06,20.35] 27 [526.36,266.23,10.86,18.65] 27 [450.9,198.03,6.47,27.76] 27 [378.72,156.83,4.75,5.77] 27 [485.49,275.26,16.83,19.58] 27 [600.08,252.42,3.79,10.75] 27 [31.76,201.39,6.77,10.25] 27 [68.83,204.18,5.35,11.28] 27 [413.7,198.64,4.66,13.38] 0 [339.16,167.08,35.92,72.18] 27 [301.87,161.06,7.09,17.23] 27 [111,73,524,164] 0 [1,39,638,327]
/data/coco2014/val2014/COCO_val2014_000000568961.jpg 6 [85.79,110.37,259.31,202.44] 0 [364.01,177.54,9.9,36.78]
/data/coco2014/val2014/COCO_val2014_000000434098.jpg 61 [79.1,345.17,125.12,197.03] 71 [294.62,316.19,111.88,42.6] 0 [302.78,124.32,36.08,136.09]
/data/coco2014/val2014/COCO_val2014_000000220176.jpg 59 [128.58,231.92,511.42,187.11] 56 [23.88,313.05,93.82,110.1] 0 [164.45,61.74,286.58,278.7] 0 [186.15,263.94,133.38,155.45]
/data/coco2014/val2014/COCO_val2014_000000411215.jpg 6 [1.08,56.07,485.42,213.46] 14 [528.05,37.96,11.72,4.69]
/data/coco2014/val2014/COCO_val2014_000000523772.jpg 45 [228.16,132.02,251.84,189.41] 54 [31.66,118.63,187.54,113.25] 54 [50.11,336.6,422.37,296.38] 54 [257.01,49.83,134.23,89.21] 45 [0.0,49.41,79.81,107.69]
/data/coco2014/val2014/COCO_val2014_000000514915.jpg 16 [55.38,132.63,464.46,247.77] 45 [279.44,43.06,61.5,59.15] 45 [343.72,17.01,82.0,50.48]
/data/coco2014/val2014/COCO_val2014_000000158641.jpg 39 [0.0,1.89,84.89,288.76]
/data/coco2014/val2014/COCO_val2014_000000233370.jpg 0 [11.51,396.7,407.01,149.58] 28 [72.19,273.65,299.48,188.6]
/data/coco2014/val2014/COCO_val2014_000000388267.jpg 74 [216.33,249.19,66.81,37.41]
/data/coco2014/val2014/COCO_val2014_000000428885.jpg 9 [385.44,507.71,55.3,104.84] 9 [231.63,415.01,41.3,87.97] 9 [99.34,441.43,38.46,85.82] 0 [158.76,217.39,54.68,66.22]
/data/coco2014/val2014/COCO_val2014_000000571970.jpg 1 [75.7,261.44,395.62,211.24] 2 [0.0,134.29,21.3,28.88] 0 [248.78,133.96,154.37,343.18] 0 [23.78,133.81,5.41,19.21] 0 [100.43,131.83,13.32,34.16] 0 [178.97,130.54,8.95,30.69] 0 [260.06,143.4,3.48,14.07] 0 [550.27,137.99,4.62,8.19] 13 [211.43,149.24,39.58,16.0] 13 [408.65,146.88,22.79,12.29] 28 [112.25,325.6,86.16,47.36] 8 [407.29,43.48,232.71,287.89] 8 [483.45,167.14,116.52,43.09] 8 [20.46,314.55,117.63,101.01] 8 [498.11,227.15,141.89,150.52] 8 [1.28,324.78,26.85,89.5] 8 [576.18,315.36,63.82,57.05] 0 [187.99,130.66,6.88,21.74] 0 [206.92,142.36,8.25,15.26] 0 [246.66,131.02,11.19,28.77] 0 [231.17,137.7,7.17,8.77] 8 [18.84,199.85,75.79,51.2] 8 [0.0,163.47,21.88,87.11] 0 [203.67,131.65,6.88,24.5] 0 [238.06,136.61,9.7,20.83] 0 [523.83,139.59,6.3,9.82] 0 [215,144,17,6]
/data/coco2014/val2014/COCO_val2014_000000240798.jpg 44 [294.23,36.15,268.45,76.24] 45 [0.0,17.53,470.85,275.23] 46 [121.61,127.1,518.39,260.45]
/data/coco2014/val2014/COCO_val2014_000000407202.jpg 16 [172.93,309.82,203.9,329.82] 62 [119.2,155.68,237.51,206.66] 2 [169.8,441.12,22.68,14.46] 2 [402.98,432.47,35.4,16.21]
/data/coco2014/val2014/COCO_val2014_000000254990.jpg 67 [226.03,253.01,42.64,17.47] 0 [37.39,2.88,273.26,628.49]
/data/coco2014/val2014/COCO_val2014_000000202275.jpg 16 [308.82,170.66,235.5,138.88] 16 [126.08,148.62,175.76,157.37] 2 [308.05,20.72,166.43,60.95] 2 [21.06,27.92,208.26,52.97] 0 [114.72,32.4,12.65,15.4] 29 [280.29,171.7,42.03,32.29] 0 [379.72,24.49,15.4,14.86]
/data/coco2014/val2014/COCO_val2014_000000546965.jpg 2 [181.1,100.62,124.58,96.16] 7 [64.11,189.74,335.67,147.8] 0 [501.25,252.23,44.84,117.19] 2 [73.17,96.32,113.47,101.38] 2 [283.56,110.37,42.36,85.71] 2 [304.04,113.11,46.28,84.95] 2 [331.26,119.58,38.9,79.1] 2 [348.33,123.9,39.16,77.94] 2 [369.72,132.04,30.13,72.99] 2 [173.32,104.42,26.92,24.94] 2 [377.38,278.29,11.29,28.79] 2 [153.3,209.32,109.09,102.2]
/data/coco2014/val2014/COCO_val2014_000000130401.jpg 0 [73.7,0.0,259.3,412.7]
/data/coco2014/val2014/COCO_val2014_000000124995.jpg 39 [57.08,146.23,50.97,73.18] 75 [294.17,229.24,72.15,83.81] 75 [453.86,79.89,134.24,223.96] 58 [17.32,200.51,165.01,103.69] 58 [171.61,73.37,293.47,242.48]
/data/coco2014/val2014/COCO_val2014_000000551861.jpg 14 [339.36,50.35,281.34,375.65]
/data/coco2014/val2014/COCO_val2014_000000547962.jpg 0 [277.57,274.7,116.5,330.78] 0 [149.77,148.46,65.2,257.62] 0 [479.32,0.0,36.6,66.18] 0 [242.1,4.9,20.17,19.82] 0 [30.2,73.35,115.06,396.94] 0 [396.94,254.56,185.53,360.99] 0 [312.98,97.78,56.1,42.64] 0 [278.53,51.89,96.45,85.28] 24 [25.11,154.84,70.26,116.91] 0 [341.63,36.07,51.33,104.55] 0 [543.56,83.88,39.5,87.01] 25 [218.61,129.2,215.73,168.27] 25 [388.31,149.33,245.94,165.4] 25 [167.85,112.7,139.19,72.69] 25 [389.75,73.35,153.89,84.85] 25 [179.6,62.0,127.78,33.73] 25 [427.61,56.1,95.48,36.53] 25 [226.43,15.36,137.94,55.76] 25 [149.95,86.51,166.97,57.61] 26 [565.56,127.92,13.35,50.85] 26 [258.71,362.32,37.44,118.66] 26 [166.35,211.88,38.8,62.19] 26 [306.76,303.98,103.08,117.01] 0 [188.92,182.65,73.86,234.75] 26 [159.83,248.11,81.85,93.33] 0 [393.98,34.93,55.38,68.33]
/data/coco2014/val2014/COCO_val2014_000000269689.jpg 56 [95.01,258.54,31.05,93.61] 56 [0.0,257.11,25.75,26.97] 0 [229.21,112.64,68.54,267.42] 0 [286.68,126.13,69.32,240.4] 0 [102.48,41.67,135.13,418.92] 0 [16.7,124.9,96.32,254.03] 0 [0.0,153.3,23.01,160.31] 0 [340.04,174.51,15.96,117.61] 34 [69.98,52.98,133.43,102.3] 34 [26.16,89.59,36.19,88.04] 0 [0.0,80.28,39.65,102.93] 34 [0.0,377.53,70.44,13.54]
/data/coco2014/val2014/COCO_val2014_000000202582.jpg 16 [521.97,213.16,19.37,18.76] 16 [477.27,215.98,8.97,9.65] 0 [589.65,204.19,27.03,33.31] 0 [526.72,209.51,8.81,8.4] 0 [515.44,200.3,10.39,24.18] 0 [548.13,210.06,16.66,19.29] 0 [545.56,213.05,3.21,10.3] 0 [500.55,209.57,5.02,7.99] 25 [569.84,193.14,31.22,9.69] 25 [557.0,195.32,17.58,5.52] 56 [555.31,219.99,9.14,9.45] 56 [602.69,211.43,17.86,23.67] 0 [638.34,207.71,1.66,7.35] 0 [593.65,200.77,6.52,8.4] 0 [574.71,201.28,4.28,4.28] 0 [592.16,207.8,3.28,1.93]
/data/coco2014/val2014/COCO_val2014_000000512194.jpg 75 [308.06,293.09,225.7,175.42]
/data/coco2014/val2014/COCO_val2014_000000286106.jpg 67 [109.83,40.27,137.54,428.58] 0 [46.02,38.83,465.98,592.54]
/data/coco2014/val2014/COCO_val2014_000000249836.jpg 0 [38.6,2.77,91.22,180.23] 0 [224.4,25.21,223.78,157.79] 0 [482.43,24.69,149.48,158.31] 29 [186.27,128.64,44.3,17.3] 29 [78.09,115.86,41.85,5.81]
/data/coco2014/val2014/COCO_val2014_000000170000.jpg 17 [24.72,114.91,444.98,458.71] 27 [249.86,96.58,14.15,43.45] 0 [179.53,18.29,159.59,295.89]
/data/coco2014/val2014/COCO_val2014_000000549789.jpg 0 [310.83,119.33,79.44,89.42] 0 [26.48,326.38,136.14,60.56] 30 [312.81,165.84,80.61,42.22]
/data/coco2014/val2014/COCO_val2014_000000266951.jpg 48 [0.0,234.07,517.75,240.54] 52 [119.79,24.97,359.74,135.9] 52 [0.0,228.31,518.22,245.05] 60 [363.16,227.66,276.84,252.34]
/data/coco2014/val2014/COCO_val2014_000000007991.jpg 43 [0.81,157.31,146.82,100.04] 51 [170.63,70.11,310.01,269.46] 43 [6.53,115.63,144.53,43.82]
/data/coco2014/val2014/COCO_val2014_000000045536.jpg 0 [152.51,71.39,182.67,112.56] 37 [223.74,160.71,67.96,45.54]
/data/coco2014/val2014/COCO_val2014_000000435533.jpg 61 [171.26,0.0,231.6,288.38] 71 [404.75,78.22,233.41,392.33]
/data/coco2014/val2014/COCO_val2014_000000158254.jpg 14 [435.51,212.56,29.64,45.42] 14 [470.19,203.39,26.58,39.8] 14 [511.5,182.9,27.4,40.6] 14 [67.45,183.41,46.72,40.11]
/data/coco2014/val2014/COCO_val2014_000000146837.jpg 3 [2.86,292.98,101.75,60.13] 0 [58.97,171.51,291.95,256.0] 36 [183.1,422.67,54.76,54.76]
/data/coco2014/val2014/COCO_val2014_000000560279.jpg 61 [181.54,149.68,253.05,455.21] 39 [325.18,48.55,44.98,123.21]
/data/coco2014/val2014/COCO_val2014_000000361259.jpg 74 [175.32,206.12,91.84,112.93]
/data/coco2014/val2014/COCO_val2014_000000115772.jpg 62 [4.96,12.4,634.71,453.22] 0 [79.25,135.69,95.7,134.79] 0 [100.09,179.3,149.6,150.67] 0 [311.73,120.81,242.7,290.16] 0 [175.35,132.69,113.15,101.89] 0 [327.54,96.27,75.43,113.15] 0 [509.12,222.2,80.9,53.93] 0 [482.29,117.67,101.11,68.31] 34 [347.33,80.09,119.73,207.1] 0 [35.14,212.25,57.15,125.5] 0 [378.87,83.1,38.19,51.85] 0 [511.9,176.48,81.01,62.42] 0 [234.27,135.71,125.74,111.45] 0 [231.57,179.3,75.59,143.17]
/data/coco2014/val2014/COCO_val2014_000000067255.jpg 11 [265.49,129.37,118.81,180.73] 2 [73.19,428.53,52.22,24.2] 2 [86.3,430.49,149.46,49.51] 2 [249.23,425.96,25.23,19.68] 2 [266.47,431.01,26.72,16.59] 2 [58.55,424.53,62.35,27.18] 2 [240.26,427.65,13.02,16.09] 2 [98.28,430.79,56.59,33.19] 2 [222.85,423.36,31.33,21.75]
/data/coco2014/val2014/COCO_val2014_000000242363.jpg 61 [307.35,273.12,133.97,191.2] 71 [24.81,253.48,227.59,80.9] 71 [461.05,324.82,155.13,98.03]
/data/coco2014/val2014/COCO_val2014_000000293200.jpg 39 [124.1,148.32,15.35,29.75] 39 [112.38,151.35,13.76,26.73] 33 [590.07,169.81,49.72,36.64] 33 [219.91,0.22,41.09,83.4] 0 [308.29,151.88,134.44,274.73] 0 [93.08,77.72,111.3,322.41] 24 [198.13,151.38,12.23,11.32] 0 [80.3,98.28,42.91,147.48] 0 [0.0,175.51,58.66,247.16] 0 [0.0,82.88,99.85,308.62] 0 [274.7,126.89,35.04,58.1] 0 [318.96,130.59,26.73,30.91] 0 [377.13,130.62,44.5,69.25] 0 [609.55,134.87,25.43,39.96] 0 [462.37,163.45,47.72,30.83] 33 [139.85,131.3,85.96,126.86] 0 [414.83,145.19,13.32,26.63] 0 [166.5,116.47,73.16,243.05] 0 [502.62,122.63,35.08,71.66] 0 [71,84,550,120]
/data/coco2014/val2014/COCO_val2014_000000548939.jpg 0 [263.0,299.7,86.09,215.76] 36 [89.95,482.7,111.3,24.39] 0 [371.03,355.07,8.43,27.95] 13 [250.31,378.55,28.64,10.88] 13 [360.69,384.84,21.65,7.59]
/data/coco2014/val2014/COCO_val2014_000000308358.jpg 1 [290.04,189.54,103.75,93.45] 1 [367.67,267.97,201.79,104.22] 1 [395.72,356.98,75.6,12.86] 1 [0.0,279.9,82.84,90.08] 1 [282.89,102.33,34.09,73.22] 1 [365.96,142.36,48.26,82.04] 1 [211.99,112.67,41.79,64.32] 26 [353.53,84.37,26.34,34.02] 26 [148.55,112.7,34.75,60.36] 0 [290.51,115.11,58.48,174.14] 0 [445.6,218.16,123.49,155.84] 0 [139.99,206.72,69.23,129.76] 0 [374.26,97.22,70.71,139.53] 0 [176.6,126.38,46.7,161.98] 24 [489.14,36.98,11.77,21.01] 26 [182.99,202.07,22.72,34.95] 0 [283.58,50.63,39.8,88.25] 0 [384.72,29.22,20.03,65.19] 0 [415.89,28.38,17.63,45.1] 0 [474.35,8.01,10.25,28.25] 0 [504.27,123.55,70.6,201.7] 0 [191.47,187.38,69.8,132.6] 0 [441.02,18.76,15.61,48.89] 1 [250.82,63.7,32.36,66.83] 2 [198.55,38.16,62.85,98.89] 24 [354.64,86.02,24.05,30.64] 24 [570.77,280.01,36.66,60.31] 24 [173.94,171.23,12.99,33.76] 0 [431.34,173.24,95.49,145.49] 0 [1,5,521,368]
/data/coco2014/val2014/COCO_val2014_000000505447.jpg 4 [37.42,91.09,592.64,222.78]
/data/coco2014/val2014/COCO_val2014_000000111099.jpg 14 [523.94,176.31,14.41,13.48] 14 [125.39,198.87,9.93,5.72] 14 [242.22,311.8,6.18,12.28] 14 [125.61,195.29,17.52,11.69] 1 [468.55,275.07,108.33,90.97] 1 [567.14,281.45,72.68,96.29] 13 [474.62,407.89,165.38,66.73] 26 [154.83,283.01,19.56,65.87] 26 [232.15,284.35,11.34,21.25] 0 [21.57,215.55,88.45,229.75] 0 [105.34,219.11,69.49,198.95] 0 [201.61,236.23,39.34,110.27] 0 [266.33,232.35,47.0,109.77] 0 [301.32,233.24,17.92,56.56] 0 [304.46,270.39,69.39,107.43] 0 [331.81,271.78,123.49,124.57] 0 [22.36,218.79,14.47,38.59] 0 [0.0,221.85,16.84,80.41] 13 [159.92,285.17,47.56,39.5] 13 [277.09,336.6,195.24,122.32] 14 [104.46,352.31,10.27,18.71] 0 [41.96,220.6,8.27,26.33] 0 [11.47,221.59,10.86,28.71] 13 [32.75,241.55,10.39,8.06]
/data/coco2014/val2014/COCO_val2014_000000449749.jpg 14 [302.07,86.63,125.96,73.08] 14 [63.1,96.95,115.2,60.68]
/data/coco2014/val2014/COCO_val2014_000000215424.jpg 15 [1.88,17.75,297.18,235.31] 45 [1.96,1.47,88.18,158.72] 54 [116.18,150.54,180.01,161.29]
/data/coco2014/val2014/COCO_val2014_000000216320.jpg 71 [104.55,269.8,117.71,51.79] 71 [323.69,219.22,64.85,22.91] 41 [1.79,244.07,24.14,28.86] 61 [136.59,209.02,31.25,35.89]
/data/coco2014/val2014/COCO_val2014_000000330754.jpg 0 [104.49,236.74,86.52,256.18] 0 [173.05,211.85,100.67,288.15] 26 [103.22,309.83,23.83,128.46] 5 [0.0,0.0,375.0,470.37] 74 [267.2,348.35,2.14,6.83]
/data/coco2014/val2014/COCO_val2014_000000065942.jpg 6 [0.88,51.71,638.02,206.83]
/data/coco2014/val2014/COCO_val2014_000000484175.jpg 19 [50.41,163.37,16.12,34.1] 19 [95.52,161.16,38.5,35.09] 19 [70.26,155.01,11.65,21.53] 0 [255.75,85.94,86.56,170.98] 0 [251.65,109.35,42.71,110.05] 20 [92.74,174.76,383.15,183.04] 13 [452.72,143.15,47.28,37.06] 19 [140.08,160.71,33.61,30.03] 0 [224.72,190.75,88.09,171.25]
/data/coco2014/val2014/COCO_val2014_000000385204.jpg 15 [53.01,92.31,446.99,332.69]
/data/coco2014/val2014/COCO_val2014_000000002473.jpg 0 [243.73,93.08,130.49,150.65] 0 [436.85,280.58,61.6,99.86] 0 [119.06,341.19,23.97,44.09] 0 [32.39,328.76,25.77,26.41] 30 [285.42,216.95,42.75,49.89]
/data/coco2014/val2014/COCO_val2014_000000200234.jpg 0 [224.42,221.66,152.38,193.99] 0 [483.17,97.89,15.5,38.76] 13 [124.5,151.64,35.48,29.57] 13 [279.48,137.65,104.4,49.48] 13 [316.84,113.42,146.66,69.39] 7 [231.44,83.11,114.34,37.3] 13 [246.03,110.82,126.02,50.71] 13 [489.18,146.12,23.8,10.02] 60 [152.35,120.25,86.59,78.25] 60 [314.34,115.11,123.0,34.96] 13 [565.06,123.43,74.82,67.59] 60 [572.04,120.36,67.96,38.77] 60 [244.66,108.54,127.01,28.15] 13 [229.31,142.41,47.02,24.78] 13 [153.45,122.07,85.82,73.78] 29 [283.25,321.26,51.86,31.29]
/data/coco2014/val2014/COCO_val2014_000000307138.jpg 49 [140.2,395.92,88.23,207.2] 0 [0.0,66.71,150.34,194.87] 49 [232.71,426.73,155.01,164.2] 49 [143.77,279.1,95.79,22.8] 49 [293.67,234.65,65.61,17.44] 49 [217.52,233.77,53.34,11.53] 49 [1.02,246.01,58.44,39.04] 49 [209.61,255.62,8.24,24.5] 49 [342.21,322.4,55.38,67.79] 49 [295.48,410.3,114.35,119.15] 49 [380.27,526.2,99.73,113.6] 49 [97.0,252.19,43.05,21.97] 49 [406.17,478.69,70.2,53.74] 39 [217.77,247.18,262.23,380.68] 60 [3.09,375.51,210.55,245.39] 39 [103.06,260.71,166.24,357.4] 49 [379,226,47,39]
/data/coco2014/val2014/COCO_val2014_000000431236.jpg 41 [503.02,227.77,44.06,36.25] 41 [533.5,150.47,27.96,22.09] 44 [94.6,195.09,14.39,16.03] 68 [462.15,170.52,121.66,84.87] 69 [150.65,257.16,147.77,165.04] 42 [108.81,199.77,12.69,11.37] 42 [92.12,198.63,8.63,13.43] 69 [461.03,170.3,120.37,87.01]
/data/coco2014/val2014/COCO_val2014_000000021161.jpg 15 [163.28,2.29,199.62,254.21] 59 [106.2,27.78,428.1,392.71] 48 [291.08,219.91,84.52,92.89]
/data/coco2014/val2014/COCO_val2014_000000097682.jpg 67 [54.31,100.15,59.42,42.85] 0 [0.0,14.05,239.89,305.95] 41 [104.76,260.03,87.29,59.97] 41 [76.32,209.01,67.86,91.17]
/data/coco2014/val2014/COCO_val2014_000000484614.jpg 0 [189.99,11.58,150.65,405.89] 37 [0.0,2.88,514.32,370.39] 37 [0.0,265.76,230.15,49.91]
/data/coco2014/val2014/COCO_val2014_000000109340.jpg 2 [116.59,282.91,40.89,18.69] 2 [172.11,284.32,49.27,19.49] 2 [519.98,276.06,58.83,39.58] 2 [0.0,283.88,53.78,23.87] 5 [269.0,238.37,254.64,126.36] 7 [63.95,284.54,70.07,26.48] 7 [222.34,281.27,49.39,23.12] 7 [626.02,258.85,13.98,42.07] 7 [518.52,272.25,23.06,9.27]
/data/coco2014/val2014/COCO_val2014_000000327433.jpg 14 [327.47,147.0,5.95,7.53] 14 [342.4,147.84,3.35,6.53] 14 [379.96,147.04,6.77,7.68] 14 [424.36,148.87,7.94,6.11] 22 [164.91,220.27,60.6,27.64] 22 [99.26,223.69,55.97,21.41] 23 [380.39,128.51,50.96,126.55] 14 [3.61,142.58,6.11,13.66] 14 [338.34,147.37,4.44,8.52] 14 [316.97,103.65,3.63,7.38] 14 [334.07,147.1,3.53,7.98] 14 [392.26,147.97,5.38,7.74] 14 [433.89,149.72,4.43,5.6] 14 [307.03,114.78,2.71,4.84] 14 [400.13,116.45,4.61,2.11]
/data/coco2014/val2014/COCO_val2014_000000361142.jpg 74 [142.61,250.13,20.47,21.21] 74 [109.04,257.24,6.34,19.02] 2 [47.42,528.18,137.73,84.96] 2 [154.63,500.11,96.86,62.51] 2 [287.49,513.95,175.51,114.13] 2 [0.0,520.48,61.6,56.33] 2 [53.2,515.53,55.76,34.69] 0 [290.51,503.82,11.51,36.3] 0 [248.49,505.39,8.42,22.46] 2 [122.48,512.5,42.08,19.01] 2 [297.25,510.75,55.66,21.73] 2 [431.68,499.49,31.32,14.51] 2 [102.61,509.89,34.88,19.34] 2 [142.58,504.77,15.25,8.09] 2 [75.12,511.05,22.99,5.44] 0 [248.59,492.11,3.67,13.25]
/data/coco2014/val2014/COCO_val2014_000000324338.jpg 39 [372.69,171.57,29.54,73.38] 0 [7.55,64.59,180.14,415.28] 0 [256.72,38.83,151.01,441.17] 0 [368.07,19.37,271.93,455.25] 29 [98.02,266.66,76.2,15.8] 29 [259.96,228.67,67.95,71.2]
/data/coco2014/val2014/COCO_val2014_000000461245.jpg 23 [75.74,196.13,74.29,174.0] 23 [173.98,168.3,88.01,214.78] 23 [144.96,164.19,137.99,207.16] 23 [385.19,141.21,107.92,255.95] 23 [389.66,148.83,156.63,215.84] 23 [130.47,236.72,60.44,155.42] 23 [465.68,147.17,54.71,94.01] 22 [72.0,308.15,64.31,53.32] 23 [497.15,258.75,18.98,5.97]
/data/coco2014/val2014/COCO_val2014_000000022051.jpg 32 [44.83,301.73,5.53,6.34] 32 [268.57,256.86,4.98,7.79] 38 [231.96,252.38,37.4,22.64] 38 [139.76,227.44,11.28,10.3] 38 [135.2,188.72,9.92,4.41] 38 [521.79,195.16,4.88,0.5] 38 [430.68,192.38,5.12,4.05] 0 [172.18,222.38,59.73,105.96] 0 [126.77,200.28,22.22,57.05] 0 [95.39,174.37,9.19,22.98] 0 [126.7,180.99,10.49,20.98] 0 [423.76,182.68,7.8,20.98] 0 [516.7,184.45,9.91,26.79] 32 [483.05,370.88,6.08,10.46] 32 [456.88,230.3,3.27,2.89] 38 [266.5,186.13,3.11,4.6] 0 [233.18,178.65,3.84,13.29] 0 [262.76,179.15,3.52,14.06] 32 [472.48,381.99,7.19,7.37] 32 [471.42,368.35,7.6,8.48] 32 [484.22,380.34,6.89,6.19] 32 [473.88,395.71,8.32,7.88] 32 [478.22,371.75,5.94,8.28] 32 [461.42,378.44,10.04,7.8] 32 [490.71,394.17,5.38,6.32] 32 [470.42,395.44,3.93,3.43] 38 [102.17,179.66,4.92,6.3] 0 [124.67,175.71,4.05,13.05]
/data/coco2014/val2014/COCO_val2014_000000358039.jpg 53 [1.44,60.4,477.48,274.7] 42 [5.05,204.53,47.38,41.66]
/data/coco2014/val2014/COCO_val2014_000000446812.jpg 39 [426.65,279.62,37.53,88.47] 0 [60.36,49.55,272.07,345.95] 39 [387.76,234.43,59.87,86.42] 39 [237.69,20.69,52.68,76.33] 72 [223.82,0.0,276.18,391.91] 39 [385.91,308.91,44.12,53.92] 39 [366.38,257.94,27.74,85.25] 39 [430.72,365.75,29.85,34.25]
/data/coco2014/val2014/COCO_val2014_000000078720.jpg 25 [197.72,111.37,253.11,228.28]
/data/coco2014/val2014/COCO_val2014_000000227491.jpg 0 [143.46,159.71,180.14,314.97] 13 [40.66,341.19,528.58,138.81] 54 [139.27,256.25,28.45,27.23] 54 [307.0,326.77,31.53,15.05] 39 [302.56,340.41,35.81,60.87] 48 [139.38,256.21,27.91,26.87]
/data/coco2014/val2014/COCO_val2014_000000576505.jpg 6 [36.93,77.22,549.48,386.09] 9 [612.62,291.5,4.24,11.03]
/data/coco2014/val2014/COCO_val2014_000000405261.jpg 60 [1.27,348.59,628.33,208.59] 0 [1.27,6.37,164.45,359.49] 0 [122.38,0.64,517.62,409.2] 45 [0.0,284.81,353.8,169.61] 0 [328.15,0.0,311.85,295.08] 55 [206.72,388.91,148.09,99.71]
/data/coco2014/val2014/COCO_val2014_000000033830.jpg 18 [291.44,406.51,260.04,143.43] 18 [2.37,377.31,299.24,165.59] 76 [262.31,374.94,23.83,22.7] 0 [256.4,211.58,131.87,187.33] 0 [1.76,1.29,638.24,521.8] 0 [324.54,52.22,91.03,138.47]
/data/coco2014/val2014/COCO_val2014_000000306281.jpg 50 [222.35,11.47,87.36,85.59] 50 [334.73,273.42,42.55,48.05] 50 [155.34,223.86,117.66,122.29] 50 [320.68,157.93,152.49,142.52] 50 [32.02,74.16,148.32,282.3] 50 [280.62,100.49,131.46,88.48] 50 [189.19,178.94,35.55,35.31] 50 [234.85,105.98,42.47,28.89]
/data/coco2014/val2014/COCO_val2014_000000085913.jpg 2 [0.0,102.44,134.91,94.51] 3 [27.76,49.62,580.13,352.29] 3 [473.55,96.81,166.45,142.69] 2 [459.87,116.31,30.86,48.31] 3 [426.95,125.52,40.6,40.32]
/data/coco2014/val2014/COCO_val2014_000000461758.jpg 46 [289.98,202.31,275.24,182.02] 49 [429.18,332.05,103.9,109.55] 49 [426.67,203.97,111.2,111.21] 49 [524.05,237.25,115.95,110.68] 49 [518.27,348.71,78.99,71.87]
/data/coco2014/val2014/COCO_val2014_000000206541.jpg 22 [107.54,64.09,54.19,31.5] 22 [115.74,86.71,51.46,48.86] 17 [242.8,24.04,15.34,19.48] 22 [241.76,119.9,34.18,37.74] 17 [210.81,22.87,8.06,18.19]
/data/coco2014/val2014/COCO_val2014_000000370208.jpg 1 [62.9,107.26,380.65,228.22] 0 [0.0,194.84,48.12,66.51] 12 [181.3,18.03,48.3,86.68] 12 [217.11,18.3,55.14,86.19]
/data/coco2014/val2014/COCO_val2014_000000429042.jpg 2 [611.92,261.49,27.99,34.5] 3 [128.36,281.39,278.57,193.22] 3 [289.41,267.83,163.4,159.6] 0 [182.89,208.07,93.94,271.93] 0 [295.7,215.2,79.35,92.1] 0 [266.1,255.92,72.57,94.21] 0 [332.07,241.53,54.21,139.7] 9 [585.77,212.32,15.23,14.29] 2 [593.99,251.61,27.74,28.54] 2 [563.72,257.68,16.46,8.99] 9 [618.98,236.55,5.39,7.14] 2 [608.99,261.27,25.71,29.46] 2 [587.06,253.21,11.95,15.12]
/data/coco2014/val2014/COCO_val2014_000000544855.jpg 6 [70.04,125.29,569.22,271.29] 0 [462.32,124.4,73.06,164.38]
/data/coco2014/val2014/COCO_val2014_000000478731.jpg 27 [203.07,303.7,73.01,146.9] 0 [0.0,6.86,480.0,624.11] 74 [0.0,229.35,28.25,51.76]
/data/coco2014/val2014/COCO_val2014_000000543782.jpg 0 [507.09,86.41,87.76,328.31] 0 [419.6,84.13,88.44,241.62] 0 [125.6,94.7,108.87,298.58] 0 [99.24,85.21,53.93,221.13] 30 [51.78,332.62,230.19,111.32] 30 [401.16,354.06,238.84,88.07] 30 [367.27,294.02,214.83,47.13] 30 [56.51,287.01,110.65,56.38]
/data/coco2014/val2014/COCO_val2014_000000237316.jpg 71 [166.67,243.81,95.72,45.04] 61 [62.66,260.22,100.16,220.18]
/data/coco2014/val2014/COCO_val2014_000000151138.jpg 0 [174.64,110.19,96.91,140.09] 37 [146.81,230.96,100.75,20.15]
/data/coco2014/val2014/COCO_val2014_000000529404.jpg 27 [581.56,250.31,43.88,176.69] 0 [274.77,2.82,359.03,419.35] 0 [45.47,2.22,174.13,419.23]
/data/coco2014/val2014/COCO_val2014_000000443006.jpg 23 [236.54,258.85,44.9,70.11] 23 [165.47,259.52,72.29,75.88] 23 [342.32,243.04,80.11,97.45] 23 [289.57,252.36,72.53,85.95]
/data/coco2014/val2014/COCO_val2014_000000083235.jpg 4 [24.95,133.38,524.87,135.29] 0 [15.9,235.04,5.28,11.27] 0 [108.92,244.18,3.52,3.36]
/data/coco2014/val2014/COCO_val2014_000000074860.jpg 0 [146.68,238.89,101.05,73.88] 31 [115.9,304.84,129.17,33.05]
/data/coco2014/val2014/COCO_val2014_000000426376.jpg 0 [171.08,259.45,93.9,146.48] 31 [218.91,392.66,59.78,21.1]
/data/coco2014/val2014/COCO_val2014_000000333167.jpg 0 [33.81,83.12,299.21,334.04] 0 [1.03,298.68,352.25,153.01] 0 [159.85,75.83,132.18,215.17] 0 [9.49,109.19,38.07,155.94] 26 [222.77,137.48,64.84,152.75] 26 [49.57,213.08,43.64,114.72] 0 [402.45,11.84,217.18,440.53] 27 [427.06,188.23,83.48,122.49] 0 [29.0,68.08,48.73,156.66]
/data/coco2014/val2014/COCO_val2014_000000152333.jpg 5 [187.11,184.07,327.21,147.77] 7 [621.98,254.71,18.02,31.02] 2 [0.0,263.77,119.15,70.38] 2 [113.81,265.82,92.68,56.33] 2 [609.33,264.91,16.64,16.44] 2 [551.6,268.04,11.4,19.57] 7 [629.87,285.5,10.01,70.8] 2 [506.86,265.76,54.75,37.22] 2 [569.88,268.06,20.93,18.02] 2 [555.75,267.34,17.15,19.82] 2 [584.41,267.26,15.69,17.66] 2 [592.56,266.2,16.84,17.22] 2 [606.53,267.87,12.78,14.42]
/data/coco2014/val2014/COCO_val2014_000000513585.jpg 15 [36.99,21.8,406.15,168.44] 3 [46.06,28.79,450.71,331.45]
/data/coco2014/val2014/COCO_val2014_000000084825.jpg 0 [177.55,159.49,197.63,367.11] 30 [201.35,231.65,176.9,294.83]
/data/coco2014/val2014/COCO_val2014_000000275197.jpg 39 [276.45,200.4,18.05,42.72] 39 [301.26,186.66,16.4,52.66] 39 [506.26,211.67,17.6,39.9] 56 [206.58,141.41,38.0,37.73] 40 [350.76,195.72,15.39,43.18] 41 [419.59,225.79,18.92,16.69] 41 [490.09,233.65,22.19,27.08] 43 [292.22,103.29,13.72,55.54] 43 [312.93,102.0,6.38,57.41] 44 [533.36,317.45,24.37,16.68] 45 [494.15,253.49,28.72,26.31] 45 [446.14,239.76,32.99,26.4] 45 [389.79,235.69,42.38,22.16] 45 [385.71,243.78,52.31,20.23] 49 [454.85,241.55,16.77,7.55] 69 [485.42,297.7,154.58,174.44] 70 [445.4,202.01,52.85,50.16] 71 [260.41,237.32,145.08,50.71] 39 [192.19,193.6,15.34,30.84] 39 [202.85,188.66,16.14,35.11] 41 [25.94,300.27,20.93,27.09] 44 [409.34,239.09,27.7,11.82] 44 [365.45,182.22,11.82,17.38] 41 [371.0,215.91,22.38,33.84]
/data/coco2014/val2014/COCO_val2014_000000325328.jpg 39 [459.88,0.0,124.47,310.6] 56 [311.76,46.95,136.46,166.24] 40 [219.31,51.43,110.77,245.42] 53 [4.4,290.71,632.81,324.48] 0 [248.3,0.25,107.07,55.72] 43 [0.0,412.2,54.07,42.38] 60 [0.0,191.12,640.0,432.88] 60 [409.18,55.34,78.12,97.53] 45 [348.47,197.74,116.69,84.28] 40 [578.62,123.18,61.38,231.77]
/data/coco2014/val2014/COCO_val2014_000000185943.jpg 1 [57.69,380.12,69.59,29.88] 5 [253.56,224.13,181.0,110.01] 0 [367.1,359.75,24.32,50.25] 0 [71.84,347.99,40.31,61.64] 0 [318.19,363.28,26.34,46.72] 0 [545.4,299.98,16.55,23.29] 0 [571.78,300.29,23.81,21.96] 0 [526.89,206.22,14.18,18.42] 0 [382.7,352.54,14.28,52.38] 0 [622.64,202.17,9.17,17.87] 0 [521.53,262.06,10.98,10.73] 0 [171.82,241.61,17.45,18.63] 2 [42.85,303.04,125.13,63.05] 2 [70.91,256.99,95.05,40.91] 2 [130.0,250.64,66.26,36.47] 2 [180.44,245.52,81.67,39.15] 0 [538.83,266.6,14.4,17.08] 0 [474.69,201.9,6.17,21.28] 2 [0.0,298.0,27.8,37.1] 2 [550.33,253.15,52.04,45.35] 2 [403.22,215.84,45.53,23.56] 2 [458.74,229.06,63.09,37.8] 2 [239.93,238.23,22.67,15.99] 5 [16.25,214.52,148.05,58.58] 5 [114.4,187.28,110.34,18.23] 0 [590.83,219.09,15.62,18.11] 2 [456.57,273.33,99.21,76.94] 0 [6,199,563,47]
/data/coco2014/val2014/COCO_val2014_000000062244.jpg 41 [116.26,177.49,138.31,224.5] 41 [299.81,191.89,78.44,132.55] 53 [352.14,162.45,100.57,80.03] 75 [88.59,104.7,84.57,193.3] 60 [43.05,246.69,549.24,158.26] 0 [320.13,185.31,272.42,214.44]
/data/coco2014/val2014/COCO_val2014_000000072632.jpg 23 [145.0,145.88,251.02,404.0] 23 [21.57,87.73,276.14,455.91]
/data/coco2014/val2014/COCO_val2014_000000150726.jpg 23 [150.04,170.07,257.74,267.93] 23 [56.09,204.22,211.42,258.88]
/data/coco2014/val2014/COCO_val2014_000000541813.jpg 56 [262.76,286.92,99.52,139.95] 1 [478.53,273.78,52.46,131.59] 61 [126.66,349.41,52.82,69.33]
/data/coco2014/val2014/COCO_val2014_000000335644.jpg 0 [345.98,91.38,188.52,321.62] 38 [290.83,228.69,121.65,36.58]
/data/coco2014/val2014/COCO_val2014_000000244853.jpg 50 [174.16,425.59,213.93,88.68] 50 [297.04,380.11,190.31,140.99] 50 [93.1,475.9,232.48,164.1] 50 [33.13,432.29,128.0,135.53] 45 [185.31,63.11,338.69,369.35] 49 [95.52,0.57,86.78,37.45] 50 [297.2,479.25,161.08,158.77] 50 [123.13,161.71,35.45,40.87] 50 [449.05,453.68,44.52,96.12] 50 [103.06,199.2,71.49,71.48] 50 [167.9,284.26,49.87,59.84]
/data/coco2014/val2014/COCO_val2014_000000082718.jpg 0 [437.21,428.53,47.46,89.17] 37 [413.14,505.49,43.15,10.07]
/data/coco2014/val2014/COCO_val2014_000000180584.jpg 57 [120.26,249.86,519.74,156.23] 67 [341.92,361.57,53.69,18.96] 0 [172.58,149.6,304.18,290.16] 63 [3.24,332.04,190.92,142.39] 64 [86.99,460.58,48.51,19.31] 41 [401.13,423.05,44.11,56.06] 57 [2.49,255.58,133.41,203.23]
/data/coco2014/val2014/COCO_val2014_000000018158.jpg 2 [0.0,106.55,324.51,131.21] 2 [318.3,133.53,82.29,87.73] 5 [365.88,1.8,274.0,300.84] 0 [114.19,87.02,71.54,193.68] 0 [562.09,64.69,75.11,103.37] 0 [36.51,78.55,66.52,202.0] 0 [162.39,107.97,48.21,163.05] 26 [130.17,163.33,41.02,37.47] 26 [102.7,195.23,25.56,39.14] 0 [103.27,81.55,45.47,114.88] 0 [42.8,99.1,41.47,170.76]
/data/coco2014/val2014/COCO_val2014_000000035489.jpg 16 [21.98,7.76,456.02,624.48]
/data/coco2014/val2014/COCO_val2014_000000404710.jpg 17 [159.83,121.76,147.79,198.48] 0 [154.92,58.37,140.89,177.27] 7 [0.0,224.03,134.99,70.85] 7 [249.14,255.01,91.67,50.92] 2 [132.21,266.29,29.87,21.69]
/data/coco2014/val2014/COCO_val2014_000000378667.jpg 0 [161.2,109.16,188.23,414.09] 30 [63.55,504.26,326.07,58.05] 2 [0.0,174.44,38.76,21.51] 2 [29.88,175.9,18.17,14.26] 2 [43.76,175.97,15.91,15.46] 2 [0.0,179.55,22.04,18.78]
/data/coco2014/val2014/COCO_val2014_000000395405.jpg 57 [0.0,155.55,408.67,271.53] 74 [524.44,0.0,45.06,37.56] 56 [340.8,150.54,62.23,103.06] 56 [389.35,121.49,29.95,29.95] 56 [212.19,138.12,103.58,107.78] 56 [319.28,122.53,30.57,97.96] 60 [324.62,142.75,91.79,32.85] 73 [199.0,1.23,17.89,24.94] 73 [218.67,2.41,16.21,25.87] 73 [251.41,8.42,6.75,22.23] 73 [281.31,12.22,43.71,26.75] 73 [231.22,5.41,9.12,22.77] 73 [269.63,12.07,3.97,20.76] 73 [216.42,75.57,7.12,15.07] 73 [275.32,47.36,19.4,14.39] 73 [214.99,43.59,61.57,18.06] 73 [223.22,75.24,64.96,15.72] 73 [260.13,10.17,3.44,21.74]
/data/coco2014/val2014/COCO_val2014_000000021971.jpg 0 [383.64,297.75,13.97,41.91] 0 [586.84,279.77,53.16,88.11] 0 [187.68,308.66,19.48,29.55] 0 [419.74,317.53,28.59,23.87] 0 [292.3,302.45,7.88,8.5] 25 [2.16,1.98,206.02,140.22] 25 [44.22,134.83,242.7,221.13] 56 [388.31,415.28,250.25,64.72] 56 [0.0,379.07,101.49,74.8] 56 [41.75,300.19,82.3,82.3] 56 [543.78,305.39,95.48,104.67] 56 [135.69,318.42,50.18,23.56] 56 [171.35,317.17,43.87,39.95] 56 [202.95,312.55,92.23,47.12] 56 [336.88,332.78,61.96,32.87] 56 [624.34,420.16,15.65,56.52] 0 [322.56,306.16,14.49,29.67] 25 [268.14,227.87,134.91,130.66] 25 [345.35,195.74,174.55,124.68] 25 [483.51,216.73,149.66,46.18] 56 [402.53,340.49,89.0,62.41] 0 [306.46,298.96,3.27,7.55] 25 [171.0,268.26,102.08,25.62] 25 [288.14,0.0,351.86,420.59] 25 [369.04,119.69,270.96,211.95] 25 [136.81,214.76,164.74,31.93] 25 [293.76,264.07,113.87,17.49] 25 [4.38,170.13,55.81,43.55] 25 [614.22,264.3,25.78,20.65] 25 [446.01,252.85,124.03,30.91] 25 [587.85,191.03,52.15,48.82] 25 [1,202,253,87]
/data/coco2014/val2014/COCO_val2014_000000096459.jpg 14 [53.26,115.7,536.28,213.96]
/data/coco2014/val2014/COCO_val2014_000000034020.jpg 0 [254.64,140.85,53.2,73.35] 0 [119.66,125.25,12.64,25.29] 30 [239.46,206.41,40.11,11.61]
/data/coco2014/val2014/COCO_val2014_000000342442.jpg 28 [17.35,141.84,516.0,366.76] 56 [0.0,0.0,103.62,155.52] 28 [146.09,50.93,428.88,304.24]
/data/coco2014/val2014/COCO_val2014_000000218587.jpg 74 [138.13,225.01,94.57,96.6]
/data/coco2014/val2014/COCO_val2014_000000110762.jpg 16 [319.93,220.33,117.28,45.7] 8 [267.09,139.77,303.46,184.76]
/data/coco2014/val2014/COCO_val2014_000000092145.jpg 19 [219.87,213.68,222.97,173.42] 19 [335.28,200.51,20.94,13.16] 19 [294.41,213.28,75.61,22.99] 19 [352.48,197.57,38.7,20.76] 19 [203.24,201.24,20.46,13.37] 19 [306.59,225.82,83.51,16.76]
/data/coco2014/val2014/COCO_val2014_000000444722.jpg 8 [315.41,174.34,62.91,174.3] 8 [127.96,127.76,157.16,370.08]
/data/coco2014/val2014/COCO_val2014_000000124927.jpg 0 [186.08,268.16,16.43,46.7] 37 [164.34,274.78,47.74,24.29]
/data/coco2014/val2014/COCO_val2014_000000018426.jpg 3 [169.35,62.56,379.68,391.55] 0 [218.97,18.34,134.83,396.94]
/data/coco2014/val2014/COCO_val2014_000000551315.jpg 0 [234.4,63.88,21.66,81.91] 0 [419.49,72.94,30.06,85.96] 0 [401.16,75.66,20.96,73.98] 0 [367.28,82.26,35.1,65.93] 0 [310.14,66.2,20.48,73.26] 0 [295.63,69.84,18.09,55.17] 0 [266.12,69.35,20.93,61.9] 0 [209.03,75.93,14.96,65.16] 0 [420.69,72.39,10.37,13.38] 0 [160.16,72.67,13.16,53.18] 0 [257.68,68.97,13.76,57.47] 0 [282.58,71.01,15.25,49.61] 0 [94.48,60.39,34.09,86.69] 10 [258.09,207.16,66.01,99.58] 0 [1,57,498,121]
/data/coco2014/val2014/COCO_val2014_000000224807.jpg 56 [295.02,141.2,30.35,35.75] 56 [174.6,141.94,25.36,35.78] 60 [139.46,172.23,301.04,155.81] 0 [163.36,51.79,58.58,108.16] 0 [201.48,57.37,98.0,119.08] 0 [313.38,58.32,107.0,131.86] 0 [396.26,71.01,97.14,165.43] 0 [298.57,102.9,278.46,325.1] 0 [564.01,28.8,55.21,65.99] 41 [322.65,250.84,22.7,33.72] 41 [386.87,133.92,15.71,24.35] 44 [316.36,281.75,49.05,15.54] 44 [387.07,246.97,24.21,27.19] 45 [287.04,270.58,36.63,29.9] 45 [398.25,220.72,31.67,21.11] 45 [152.51,267.59,38.22,17.74] 24 [500.33,221.58,118.13,206.42] 0 [15.4,47.69,79.59,159.76] 26 [1.22,270.76,143.69,127.51] 26 [553.6,223.28,66.26,204.72] 26 [554.22,190.55,50.22,38.77] 41 [256.61,247.17,17.91,36.93] 41 [131.1,248.34,22.38,34.86] 41 [345.12,208.87,17.29,28.72] 44 [371.11,202.22,33.36,8.88] 45 [323.98,181.7,23.29,14.99] 60 [263.06,86.85,23.95,26.88] 0 [571.31,78.87,68.69,134.65] 0 [512.09,91.14,100.98,247.22] 26 [598.97,247.5,41.03,72.98] 26 [181.56,150.44,17.05,18.6] 44 [208.65,185.97,25.12,8.18] 45 [361.2,261.96,34.6,23.9] 45 [243.52,167.55,21.99,15.36] 45 [228.76,187.88,111.93,42.59] 0 [63.76,68.61,113.06,112.01] 0 [62.67,63.44,34.82,38.31] 0 [91.76,63.26,34.65,38.32] 44 [365.33,234.64,66.66,11.94] 60 [0.0,101.24,32.24,55.58] 0 [0.0,139.49,314.38,288.51] 44 [319.84,205.6,33.98,8.7] 26 [345.28,116.93,15.77,26.95] 45 [194.58,180.18,21.89,16.47] 45 [187.21,189.54,10.0,16.43] 0 [0,19,639,150]
/data/coco2014/val2014/COCO_val2014_000000533628.jpg 37 [434.47,231.72,102.77,35.51] 0 [426.47,119.83,88.0,134.69]
/data/coco2014/val2014/COCO_val2014_000000503823.jpg 8 [175.5,120.38,204.75,103.5] 8 [186.33,110.75,313.67,147.42] 8 [350.21,128.15,143.68,47.14] 8 [418.89,125.44,46.18,28.23]
/data/coco2014/val2014/COCO_val2014_000000161940.jpg 59 [3.24,177.84,636.76,296.21] 0 [5.51,35.97,364.16,218.56] 0 [100.85,169.97,482.43,310.03] 0 [330.72,77.24,97.55,114.39] 73 [284.76,156.4,182.3,195.24] 73 [256.75,158.64,76.85,72.65] 0 [161.37,127.39,340.28,187.06]
/data/coco2014/val2014/COCO_val2014_000000326063.jpg 2 [23.38,405.61,25.59,5.88] 2 [2.87,400.82,45.38,11.58] 0 [91.23,56.52,183.71,443.48] 0 [56.63,323.76,29.03,93.15] 29 [216.63,127.62,58.95,62.56] 0 [90.24,401.77,3.57,9.38]